first_name,last_name,dob,phone,email_address,remarks,updated_at,created_at,id
Elena,Wehner,1991-06-14,1-768-907-3251,theidenreich@hotmail.com,"Voluptates aspernatur est perspiciatis nulla nam sunt temporibus. Atque rerum libero dicta facere dignissimos. Culpa praesentium non quia quia rerum enim. Illo magni temporibus numquam nemo nihil excepturi.

Fugit qui perferendis ut. A porro accusantium et perspiciatis aut eum. Et architecto quibusdam aliquam. Animi facilis est nostrum inventore voluptas exercitationem.

Eaque nobis eos exercitationem debitis aut aut est omnis. Omnis doloribus aspernatur molestiae magnam. Qui est itaque natus aliquam nesciunt reiciendis est.

Quo suscipit qui vero aliquid id ut minima. Delectus est expedita dolorem dolores. Neque nobis sit veniam perspiciatis sequi ea.

Explicabo aliquam sequi consectetur. Cum ut nemo esse consectetur debitis voluptatem. Exercitationem est pariatur omnis placeat qui labore.

Et sit magnam corporis repellat omnis nulla. Quis architecto repellat qui aperiam nihil quis. Natus excepturi dolor labore culpa. Est nisi debitis sit quo.","2016-11-30 11:03:45","2016-11-30 11:03:45",2
